188934
188935
188936
188937
188938
188939
188940
188941
188942
188943
188944
188945
188946
188947
188948
188949
188950
188951
188952
188953
188954
188955
188956
188957
188958
188959
188960
188961
188962
188963
188964
188965
188966
188967
188968
188969
188970
188971
188972
188973
188974
188975
188976
188977
188978
188979
188980
188981
188982
188983
188984
188985
188986
188987
188988
188989
188990
188991
188992
188993
188994
188995
188996
188997
188998
188999
189000
189001
189002
189003
189004
189005
189006
189007
189008
189009
189010
189011
189012
189013
189014
189015
189016
189017
189018
189019
189020
189021
189022
189023
189024
189025
189026
189027
189028
189029
189030
189031
189032
189033
189034
189035
189036
189037
189038
189039
189040
189041
189042
189043
189044
189045
189046
189047
189048
189049
189050
189051
189052
189053
189054
189055
189056
189057
189058
189059
189060
189061
189062
189063
189064
189065
189066
189067
189068
189069
189070
189071
189072
189073
189074
189075
189076
189077
189078
189079
189080
189081
189082
189083
189084
189085
189086
189087
189088
189089
189090
189091
189092
189093
189094
189095
189096
189097
189098
189099
189100
189101
189102
189103
189104
189105
189106
189107
189108
189109
189110
189111
189112
189113
189114
189115
189116
189117
189118
189119
189120
189121
189122
189123
189124
189125
189126
189127
189128
189129
189130
189131
189132
189133
189134
189135
189136
189137
189138
189139
189140
189141
189142
189143
189144
189145
189146
189147
189148
189149
189150
189151
189152
189153
189154
189155
189156
189157
189158
189159
189160
189161
189162
189163
189164
189165
189166
189167
189168
189169
189170
189171
189172
189173
189174
189175
189176
189177
189178
189179
189180
189181
189182
189183
189184
189185
189186
189187
189188
189189
189190
189191
