187309
187310
187311
187312
187313
187314
187315
187316
187317
187318
187319
187320
187321
187322
187323
187324
187325
187326
187327
187328
187329
187330
187331
187332
187333
187334
187335
187336
187337
187338
187339
187340
187341
187342
187343
187344
187345
187346
187347
187348
187349
187350
187351
187352
187353
187354
187355
187356
187357
187358
187359
187360
187361
187362
187363
187364
187365
187366
187367
187368
187369
187370
187371
187372
187373
187374
187375
187376
187377
187378
187379
187380
187381
187382
187383
187384
187385
187386
187387
187388
187389
187390
187391
187392
187393
187394
187395
187396
187397
187398
187399
187400
187401
187402
187403
187404
187405
187406
187407
187408
187409
187410
187411
187412
187413
187414
187415
187416
187417
187418
187419
187420
187421
187422
187423
187424
187425
187426
187427
187428
187429
187430
187431
187432
187433
187434
187435
187436
187437
187438
187439
187440
187441
187442
187443
187444
187445
187446
187447
187448
187449
187450
187451
187452
187453
187454
187455
187456
187457
187458
187459
187460
187461
187462
187463
187464
187465
187466
187467
187468
187469
187470
187471
187472
187473
187474
187475
187476
187477
187478
187479
187480
187481
187482
187483
187484
187485
187486
187487
187488
187489
187490
187491
187492
187493
187494
187495
187496
187497
187498
187499
187500
187501
187502
187503
187504
187505
187506
187507
187508
187509
187510
187511
187512
187513
187514
187515
187516
187517
187518
187519
187520
187521
187522
187523
187524
187525
187526
187527
187528
187529
187530
187531
187532
187533
187534
187535
187536
187537
187538
187539
187540
187541
187542
187543
187544
187545
187546
187547
187548
187549
187550
187551
187552
187553
187554
187555
187556
187557
187558
187559
187560
187561
187562
187563
187564
187565
187566
187567
187568
187569
187570
187571
187572
187573
187574
187575
187576
187577
187578
187579
187580
187581
187582
187583
187584
187585
187586
187587
187588
187589
187590
187591
187592
187593
187594
187595
187596
187597
187598
187599
187600
187601
187602
187603
187604
187605
187606
187607
187608
187609
187610
187611
187612
187613
187614
187615
187616
187617
187618
187619
187620
187621
187622
187623
187624
187625
187626
187627
187628
187629
187630
187631
187632
187633
187634
187635
187636
187637
187638
187639
187640
187641
187642
187643
187644
187645
187646
187647
187648
187649
187650
187651
187652
187653
187654
187655
187656
187657
187658
187659
187660
187661
187662
187663
187664
187665
187666
187667
187668
187669
187670
187671
187672
187673
187674
187675
187676
187677
187678
187679
187680
187681
187682
187683
187684
187685
187686
187687
187688
187689
187690
187691
187692
187693
187694
187695
187696
187697
187698
187699
187700
187701
187702
187703
187704
187705
187706
187707
187708
187709
187710
187711
187712
187713
187714
187715
187716
187717
187718
187719
187720
187721
187722
187723
