198192
198193
198194
198195
198196
198197
198198
198199
198200
198201
198202
198203
198204
198205
198206
198207
198208
198209
198210
198211
198212
198213
198214
198215
198216
198217
198218
198219
198220
198221
198222
198223
198224
198225
198226
198227
198228
198229
198230
198231
198232
198233
198234
198235
198236
198237
198238
198239
198240
198241
198242
198243
198244
198245
198246
198247
198248
198249
198250
198251
198252
198253
198254
198255
198256
198257
198258
198259
198260
198261
198262
198263
198264
198265
198266
198267
198268
198269
198270
198271
198272
198273
198274
198275
198276
198277
198278
198279
198280
198281
198282
198283
198284
198285
198286
198287
198288
198289
198290
198291
198292
198293
198294
198295
198296
198297
198298
198299
198300
198301
198302
198303
198304
198305
198306
198307
198308
198309
198310
198311
198312
198313
198314
198315
198316
198317
198318
198319
198320
198321
198322
198323
198324
198325
198326
198327
198328
198329
198330
198331
198332
198333
198334
198335
198336
198337
198338
198339
198340
198341
198342
198343
198344
198345
198346
198347
198348
198349
198350
198351
198352
198353
198354
198355
198356
198357
198358
198359
198360
198361
198362
198363
198364
198365
198366
198367
198368
198369
198370
198371
198372
198373
198374
198375
198376
198377
198378
