187725
187726
187727
187728
187729
187730
187731
187732
187733
187734
187735
187736
187737
187738
187739
187740
187741
187742
187743
187744
187745
187746
187747
187748
187749
187750
187751
187752
187753
187754
187755
187756
187757
187758
187759
187760
187761
187762
187763
187764
187765
187766
187767
187768
187769
187770
187771
187772
187773
187774
187775
187776
187777
187778
187779
187780
187781
187782
187783
187784
187785
187786
187787
187788
187789
187790
187791
187792
187793
187794
187795
187796
187797
187798
187799
187800
187801
187802
187803
187804
187805
187806
187807
187808
187809
187810
187811
187812
187813
187814
187815
187816
187817
187818
187819
187820
187821
187822
187823
187824
187825
187826
187827
187828
187829
187830
187831
187832
187833
187834
187835
187836
187837
187838
187839
187840
187841
187842
187843
187844
187845
187846
187847
187848
187849
187850
187851
187852
187853
187854
187855
187856
187857
187858
187859
187860
187861
187862
187863
187864
187865
187866
187867
187868
187869
187870
187871
187872
187873
187874
187875
187876
187877
187878
187879
187880
187881
187882
187883
187884
187885
187886
187887
187888
187889
187890
187891
187892
187893
187894
187895
187896
187897
187898
187899
187900
187901
187902
187903
187904
187905
187906
187907
187908
187909
187910
187911
187912
187913
187914
187915
187916
187917
187918
187919
187920
187921
187922
187923
187924
187925
187926
187927
187928
187929
187930
187931
187932
187933
187934
187935
187936
187937
187938
187939
187940
187941
187942
187943
187944
187945
187946
187947
187948
187949
187950
187951
187952
187953
187954
187955
187956
187957
187958
187959
187960
187961
187962
187963
187964
187965
187966
187967
187968
187969
187970
187971
187972
187973
187974
187975
187976
187977
187978
187979
187980
187981
187982
187983
187984
187985
187986
187987
187988
187989
187990
187991
187992
187993
187994
187995
187996
187997
187998
187999
188000
188001
188002
188003
188004
188005
188006
188007
188008
188009
188010
188011
188012
188013
188014
188015
188016
188017
188018
188019
188020
188021
188022
188023
188024
188025
188026
188027
188028
188029
188030
188031
188032
188033
188034
188035
188036
188037
188038
188039
188040
188041
188042
188043
188044
188045
188046
188047
188048
188049
188050
188051
188052
188053
188054
188055
188056
188057
188058
188059
188060
188061
188062
188063
188064
188065
188066
188067
188068
188069
188070
188071
188072
188073
188074
188075
188076
188077
188078
188079
188080
188081
188082
188083
188084
188085
188086
188087
188088
188089
188090
188091
188092
188093
188094
188095
188096
