197345
197346
197347
197348
197349
197350
197351
197352
197353
197354
197355
197356
197357
197358
197359
197360
197361
197362
197363
197364
197365
197366
197367
197368
197369
197370
197371
197372
197373
197374
197375
197376
197377
197378
197379
197380
197381
197382
197383
197384
197385
197386
197387
197388
197389
197390
197391
197392
197393
197394
197395
197396
197397
197398
197399
197400
197401
197402
197403
197404
197405
197406
197407
197408
197409
197410
197411
197412
197413
197414
197415
197416
197417
197418
197419
197420
197421
197422
197423
197424
197425
197426
197427
197428
197429
197430
197431
197432
197433
197434
197435
197436
197437
197438
197439
197440
197441
197442
197443
197444
197445
197446
197447
197448
197449
197450
197451
197452
197453
197454
197455
197456
197457
197458
197459
197460
197461
197462
197463
197464
197465
197466
197467
197468
197469
197470
197471
197472
197473
197474
197475
197476
197477
197478
197479
197480
197481
197482
197483
197484
197485
197486
197487
197488
197489
197490
197491
197492
197493
197494
197495
197496
197497
197498
197499
197500
197501
197502
197503
197504
197505
197506
197507
197508
197509
197510
197511
197512
197513
197514
197515
197516
197517
197518
197519
197520
197521
197522
197523
197524
197525
197526
197527
197528
197529
197530
197531
197532
197533
197534
197535
197536
197537
197538
197539
197540
197541
197542
197543
197544
197545
197546
197547
197548
197549
197550
197551
197552
197553
197554
197555
197556
197557
197558
197559
197560
197561
197562
197563
197564
197565
197566
197567
197568
197569
197570
197571
197572
197573
197574
197575
197576
197577
197578
197579
197580
197581
197582
197583
197584
197585
197586
197587
197588
197589
197590
197591
197592
197593
197594
197595
197596
197597
197598
197599
197600
197601
197602
197603
197604
197605
197606
197607
197608
197609
197610
197611
197612
197613
197614
197615
197616
197617
197618
197619
197620
197621
197622
197623
197624
197625
197626
197627
197628
197629
197630
197631
197632
197633
197634
197635
197636
197637
197638
197639
197640
197641
197642
197643
197644
197645
197646
197647
197648
197649
197650
197651
197652
197653
197654
197655
197656
197657
197658
197659
197660
197661
197662
197663
197664
197665
197666
197667
197668
197669
197670
197671
197672
197673
197674
197675
197676
197677
197678
197679
197680
197681
197682
197683
197684
197685
197686
197687
