186335
186336
186337
186338
186339
186340
186341
186342
186343
186344
186345
186346
186347
186348
186349
186350
186351
186352
186353
186354
186355
186356
186357
186358
186359
186360
186361
186362
186363
186364
186365
186366
186367
186368
186369
186370
186371
186372
186373
186374
186375
186376
186377
186378
186379
186380
186381
186382
186383
186384
186385
186386
186387
186388
186389
186390
186391
186392
186393
186394
186395
186396
186397
186398
186399
186400
186401
186402
186403
186404
186405
186406
186407
186408
186409
186410
186411
186412
186413
186414
186415
186416
186417
186418
186419
186420
186421
186422
186423
186424
186425
186426
186427
186428
186429
186430
186431
186432
186433
186434
186435
186436
186437
186438
186439
186440
186441
186442
186443
186444
186445
186446
186447
186448
186449
186450
186451
186452
186453
186454
186455
186456
186457
186458
186459
186460
186461
186462
186463
186464
186465
186466
186467
186468
186469
186470
186471
186472
186473
186474
186475
186476
186477
186478
186479
186480
186481
186482
186483
186484
186485
186486
186487
186488
186489
186490
186491
186492
186493
186494
186495
186496
186497
186498
186499
186500
186501
186502
186503
186504
186505
186506
186507
186508
186509
186510
186511
186512
186513
186514
186515
186516
186517
186518
186519
186520
186521
186522
186523
186524
186525
186526
186527
186528
186529
186530
186531
186532
186533
186534
186535
186536
186537
186538
186539
186540
186541
186542
186543
186544
186545
186546
186547
186548
186549
186550
186551
186552
186553
186554
186555
186556
186557
186558
186559
186560
186561
186562
186563
186564
186565
186566
186567
186568
186569
186570
186571
186572
186573
186574
186575
186576
186577
186578
186579
186580
186581
186582
186583
186584
186585
186586
186587
186588
186589
186590
186591
186592
186593
186594
186595
186596
186597
186598
186599
186600
186601
186602
186603
186604
186605
186606
186607
186608
186609
186610
186611
186612
186613
186614
186615
186616
186617
186618
186619
186620
186621
186622
186623
186624
186625
186626
186627
186628
186629
186630
186631
186632
186633
186634
186635
186636
186637
186638
186639
186640
186641
186642
186643
186644
186645
186646
186647
186648
186649
186650
186651
186652
186653
186654
186655
186656
186657
186658
186659
186660
186661
186662
186663
186664
186665
186666
186667
186668
186669
186670
186671
186672
186673
186674
