185556
185557
185558
185559
185560
185561
185562
185563
185564
185565
185566
185567
185568
185569
185570
185571
185572
185573
185574
185575
185576
185577
185578
185579
185580
185581
185582
185583
185584
185585
185586
185587
185588
185589
185590
185591
185592
185593
185594
185595
185596
185597
185598
185599
185600
185601
185602
185603
185604
185605
185606
185607
185608
185609
185610
185611
185612
185613
185614
185615
185616
185617
185618
185619
185620
185621
185622
185623
185624
185625
185626
185627
185628
185629
185630
185631
185632
185633
185634
185635
185636
185637
185638
185639
185640
185641
185642
185643
185644
185645
185646
185647
185648
185649
185650
185651
185652
185653
185654
185655
185656
185657
185658
185659
185660
185661
185662
185663
185664
185665
185666
185667
185668
185669
185670
185671
185672
185673
185674
185675
185676
185677
185678
185679
185680
185681
185682
185683
185684
185685
185686
185687
185688
185689
185690
185691
185692
185693
185694
185695
185696
185697
185698
185699
185700
185701
185702
185703
185704
185705
185706
185707
185708
185709
185710
185711
185712
185713
185714
185715
185716
185717
185718
185719
185720
185721
185722
185723
185724
185725
185726
185727
185728
185729
185730
185731
185732
185733
185734
185735
185736
185737
185738
185739
185740
185741
185742
185743
185744
185745
185746
185747
185748
185749
185750
185751
185752
185753
185754
185755
185756
185757
185758
185759
185760
185761
185762
185763
185764
185765
185766
185767
185768
185769
185770
185771
185772
185773
185774
185775
185776
185777
185778
185779
185780
185781
185782
185783
185784
185785
185786
185787
185788
185789
185790
185791
185792
185793
185794
185795
185796
185797
185798
185799
185800
185801
185802
185803
185804
185805
185806
185807
185808
185809
185810
185811
185812
185813
185814
185815
185816
185817
185818
185819
185820
185821
185822
185823
185824
185825
185826
185827
185828
185829
185830
185831
185832
185833
185834
185835
185836
185837
185838
185839
185840
185841
185842
185843
185844
185845
185846
185847
185848
185849
185850
185851
185852
185853
185854
185855
185856
185857
185858
185859
185860
185861
185862
185863
185864
185865
185866
185867
185868
185869
185870
185871
185872
185873
185874
185875
185876
185877
185878
185879
185880
185881
185882
185883
185884
185885
185886
185887
185888
185889
185890
185891
185892
185893
185894
185895
185896
185897
185898
185899
185900
185901
185902
185903
185904
185905
185906
185907
185908
185909
185910
185911
185912
185913
185914
185915
185916
185917
185918
185919
185920
185921
185922
185923
185924
185925
185926
185927
185928
185929
185930
185931
185932
185933
185934
185935
185936
185937
185938
185939
185940
185941
185942
185943
185944
185945
185946
185947
185948
185949
185950
185951
185952
185953
185954
185955
185956
185957
185958
185959
185960
185961
185962
185963
185964
185965
185966
185967
185968
185969
185970
185971
185972
185973
185974
185975
185976
185977
185978
185979
185980
185981
185982
185983
185984
185985
185986
185987
185988
185989
185990
185991
185992
185993
185994
185995
185996
185997
185998
