199045
199046
199047
199048
199049
199050
199051
199052
199053
199054
199055
199056
199057
199058
199059
199060
199061
199062
199063
199064
199065
199066
199067
199068
199069
199070
199071
199072
199073
199074
199075
199076
199077
199078
199079
199080
199081
199082
199083
199084
199085
199086
199087
199088
199089
199090
199091
199092
199093
199094
199095
199096
199097
199098
199099
199100
199101
199102
199103
199104
199105
199106
199107
199108
199109
199110
199111
199112
199113
199114
199115
199116
199117
199118
199119
199120
199121
199122
199123
199124
199125
199126
199127
199128
199129
199130
199131
199132
199133
199134
199135
199136
199137
199138
199139
199140
199141
199142
199143
199144
199145
199146
199147
199148
199149
199150
199151
199152
199153
199154
199155
199156
199157
199158
199159
199160
199161
199162
199163
199164
199165
199166
199167
199168
199169
199170
199171
199172
199173
199174
199175
199176
199177
199178
199179
199180
199181
199182
199183
199184
199185
199186
199187
199188
199189
199190
199191
199192
199193
199194
199195
199196
199197
199198
199199
199200
199201
199202
199203
199204
199205
199206
199207
199208
199209
199210
199211
199212
199213
199214
199215
199216
199217
199218
199219
199220
199221
199222
199223
199224
199225
199226
199227
199228
199229
199230
199231
199232
199233
199234
199235
199236
199237
199238
199239
199240
199241
199242
199243
199244
199245
199246
199247
199248
199249
199250
199251
199252
199253
199254
199255
199256
199257
199258
199259
199260
199261
199262
199263
199264
199265
199266
199267
199268
199269
199270
199271
199272
199273
199274
199275
199276
199277
199278
199279
199280
199281
199282
199283
199284
199285
199286
199287
199288
199289
199290
199291
199292
199293
199294
199295
199296
199297
199298
199299
199300
199301
199302
199303
199304
199305
199306
199307
199308
