194710
194711
194712
194713
194714
194715
194716
194717
194718
194719
194720
194721
194722
194723
194724
194725
194726
194727
194728
194729
194730
194731
194732
194733
194734
194735
194736
194737
194738
194739
194740
194741
194742
194743
194744
194745
194746
194747
194748
194749
194750
194751
194752
194753
194754
194755
194756
194757
194758
194759
194760
194761
194762
194763
194764
194765
194766
194767
194768
194769
194770
194771
194772
194773
194774
194775
194776
194777
194778
194779
194780
194781
194782
194783
194784
194785
194786
194787
194788
194789
194790
194791
194792
194793
194794
194795
194796
194797
194798
194799
194800
194801
194802
194803
194804
194805
194806
194807
194808
194809
194810
194811
194812
194813
194814
194815
194816
194817
194818
194819
194820
194821
194822
194823
194824
194825
194826
194827
194828
194829
194830
194831
194832
194833
194834
194835
194836
194837
194838
194839
194840
194841
194842
194843
194844
194845
194846
194847
194848
194849
194850
194851
194852
194853
194854
194855
194856
194857
194858
194859
194860
194861
194862
194863
194864
194865
194866
194867
194868
194869
194870
194871
194872
194873
194874
194875
194876
194877
194878
194879
194880
194881
194882
194883
194884
194885
194886
194887
194888
194889
194890
194891
194892
194893
194894
194895
194896
