192571
192572
192573
192574
192575
192576
192577
192578
192579
192580
192581
192582
192583
192584
192585
192586
192587
192588
192589
192590
192591
192592
192593
192594
192595
192596
192597
192598
192599
192600
192601
192602
192603
192604
192605
192606
192607
192608
192609
192610
192611
192612
192613
192614
192615
192616
192617
192618
192619
192620
192621
192622
192623
192624
192625
192626
192627
192628
192629
192630
192631
192632
192633
192634
192635
192636
192637
192638
192639
192640
192641
192642
192643
192644
192645
192646
192647
192648
192649
192650
192651
192652
192653
192654
192655
192656
192657
192658
192659
192660
192661
192662
192663
192664
192665
192666
192667
192668
192669
192670
192671
192672
192673
192674
192675
192676
192677
192678
192679
192680
192681
192682
192683
192684
192685
192686
192687
192688
192689
192690
192691
192692
192693
192694
192695
192696
192697
192698
192699
192700
192701
192702
192703
192704
192705
192706
192707
192708
192709
192710
192711
192712
192713
192714
192715
192716
192717
192718
192719
192720
192721
192722
192723
192724
192725
192726
192727
192728
192729
192730
192731
192732
192733
192734
192735
192736
192737
192738
192739
192740
192741
192742
192743
192744
192745
192746
192747
192748
192749
192750
192751
192752
192753
192754
192755
192756
192757
192758
192759
192760
192761
192762
192763
192764
192765
192766
192767
192768
192769
192770
192771
192772
192773
192774
192775
192776
192777
192778
192779
192780
192781
192782
192783
192784
192785
192786
192787
192788
192789
192790
192791
192792
192793
192794
192795
192796
192797
192798
192799
192800
192801
192802
192803
192804
192805
192806
192807
192808
192809
192810
192811
192812
192813
192814
192815
192816
192817
192818
192819
192820
192821
192822
192823
192824
192825
192826
192827
192828
192829
192830
192831
192832
192833
192834
192835
192836
192837
192838
192839
192840
192841
192842
192843
192844
192845
192846
192847
192848
192849
192850
192851
192852
192853
192854
192855
192856
192857
192858
192859
192860
192861
192862
192863
192864
192865
192866
192867
192868
192869
192870
192871
192872
192873
192874
192875
192876
192877
192878
192879
192880
192881
192882
192883
192884
192885
192886
192887
192888
192889
192890
192891
192892
192893
192894
192895
192896
192897
192898
192899
192900
192901
192902
192903
192904
192905
192906
192907
192908
192909
192910
192911
192912
192913
192914
192915
192916
192917
192918
192919
192920
192921
192922
192923
192924
192925
192926
192927
192928
192929
192930
192931
192932
192933
192934
192935
192936
192937
192938
192939
192940
192941
192942
192943
192944
192945
192946
192947
192948
192949
192950
192951
192952
192953
192954
192955
192956
192957
192958
192959
192960
192961
192962
192963
192964
192965
192966
192967
192968
192969
192970
192971
192972
192973
192974
192975
192976
192977
192978
192979
192980
192981
192982
192983
192984
192985
192986
192987
192988
192989
192990
192991
192992
192993
192994
192995
192996
192997
192998
192999
193000
193001
193002
193003
193004
193005
193006
193007
193008
193009
193010
193011
193012
193013
193014
193015
193016
193017
193018
193019
193020
193021
193022
193023
193024
193025
193026
193027
193028
193029
193030
193031
193032
193033
193034
193035
193036
193037
193038
193039
193040
193041
193042
193043
193044
193045
193046
193047
193048
193049
193050
193051
193052
193053
193054
193055
193056
193057
193058
193059
193060
193061
193062
193063
193064
193065
193066
193067
193068
193069
193070
193071
193072
193073
193074
193075
193076
193077
193078
193079
193080
193081
193082
193083
193084
193085
193086
193087
193088
193089
193090
193091
193092
193093
193094
193095
193096
193097
193098
193099
193100
193101
193102
193103
193104
193105
193106
193107
193108
193109
193110
193111
193112
193113
193114
193115
193116
193117
193118
193119
193120
193121
193122
193123
193124
193125
193126
193127
193128
193129
193130
193131
193132
193133
193134
193135
193136
193137
193138
193139
193140
193141
193142
193143
193144
193145
193146
193147
193148
193149
193150
193151
193152
193153
193154
193155
193156
193157
193158
193159
193160
193161
193162
193163
193164
193165
193166
193167
193168
193169
193170
193171
193172
193173
193174
193175
193176
193177
193178
193179
193180
193181
193182
193183
193184
193185
193186
193187
193188
193189
193190
193191
193192
193193
193194
193195
193196
193197
193198
193199
193200
193201
193202
193203
193204
193205
193206
193207
193208
193209
193210
193211
193212
193213
193214
193215
193216
193217
193218
193219
193220
193221
193222
193223
193224
193225
193226
193227
193228
193229
193230
193231
193232
193233
193234
193235
193236
193237
193238
193239
193240
193241
193242
193243
193244
193245
193246
193247
193248
193249
193250
193251
193252
193253
193254
193255
193256
193257
193258
193259
193260
193261
193262
193263
193264
193265
193266
193267
193268
193269
193270
193271
193272
193273
193274
193275
193276
193277
193278
193279
193280
193281
193282
193283
193284
193285
193286
193287
193288
193289
193290
193291
193292
193293
193294
193295
193296
193297
193298
193299
193300
193301
193302
193303
193304
193305
193306
193307
193308
193309
193310
193311
193312
193313
193314
193315
193316
193317
193318
193319
193320
193321
193322
193323
193324
193325
193326
193327
193328
193329
193330
193331
193332
193333
193334
193335
193336
193337
193338
193339
193340
193341
193342
193343
193344
193345
193346
193347
193348
193349
193350
193351
193352
193353
193354
193355
193356
193357
193358
193359
193360
193361
193362
193363
193364
193365
193366
193367
193368
193369
193370
193371
193372
193373
193374
193375
193376
193377
193378
193379
193380
193381
193382
193383
193384
193385
193386
193387
193388
193389
193390
193391
193392
193393
193394
193395
193396
193397
193398
193399
193400
193401
193402
193403
193404
193405
193406
193407
193408
193409
193410
193411
193412
193413
193414
193415
193416
193417
193418
193419
193420
193421
193422
193423
193424
193425
193426
193427
193428
193429
193430
193431
193432
193433
193434
193435
193436
193437
193438
193439
193440
193441
193442
193443
193444
193445
193446
193447
193448
193449
193450
193451
193452
193453
193454
193455
193456
193457
193458
193459
193460
193461
193462
193463
193464
193465
193466
193467
193468
193469
193470
193471
193472
193473
193474
193475
193476
193477
193478
193479
193480
193481
193482
193483
193484
193485
193486
193487
193488
193489
193490
193491
193492
193493
193494
193495
193496
193497
193498
193499
193500
193501
193502
193503
193504
193505
193506
193507
193508
193509
193510
193511
193512
193513
193514
193515
193516
