193518
193519
193520
193521
193522
193523
193524
193525
193526
193527
193528
193529
193530
193531
193532
193533
193534
193535
193536
193537
193538
193539
193540
193541
193542
193543
193544
193545
193546
193547
193548
193549
193550
193551
193552
193553
193554
193555
193556
193557
193558
193559
193560
193561
193562
193563
193564
193565
193566
193567
193568
193569
193570
193571
193572
193573
193574
193575
193576
193577
193578
193579
193580
193581
193582
193583
193584
193585
193586
193587
193588
193589
193590
193591
193592
193593
193594
193595
193596
193597
193598
193599
193600
193601
193602
193603
193604
193605
193606
193607
193608
193609
193610
193611
193612
193613
193614
193615
193616
193617
193618
193619
193620
193621
193622
193623
193624
193625
193626
193627
193628
193629
193630
193631
193632
193633
193634
193635
193636
193637
193638
193639
193640
193641
193642
193643
193644
193645
193646
193647
193648
193649
193650
193651
193652
193653
193654
193655
193656
193657
193658
193659
193660
193661
193662
193663
193664
193665
193666
193667
193668
193669
193670
193671
193672
193673
193674
193675
193676
193677
193678
193679
193680
193681
193682
193683
193684
193685
193686
193687
193688
193689
193690
193691
193692
193693
193694
193695
193696
193697
193698
193699
193700
193701
193702
193703
193704
193705
193706
193707
193708
193709
193710
193711
193712
193713
193714
193715
193716
193717
193718
193719
193720
193721
193722
193723
193724
193725
193726
193727
193728
193729
193730
193731
193732
193733
193734
193735
193736
193737
193738
193739
193740
193741
193742
193743
193744
193745
193746
193747
193748
193749
193750
193751
193752
193753
193754
193755
193756
193757
193758
193759
193760
193761
193762
193763
193764
193765
193766
193767
193768
193769
193770
193771
193772
193773
193774
193775
193776
193777
193778
193779
193780
193781
193782
193783
193784
193785
193786
193787
193788
193789
193790
193791
193792
193793
193794
193795
193796
193797
193798
193799
193800
193801
193802
193803
193804
193805
193806
193807
193808
193809
193810
193811
193812
193813
193814
193815
193816
193817
193818
193819
193820
193821
193822
193823
193824
193825
193826
193827
193828
193829
193830
193831
193832
193833
193834
193835
193836
193837
193838
193839
193840
193841
193842
193843
193844
193845
193846
193847
193848
193849
193850
193851
193852
193853
193854
193855
193856
193857
193858
193859
193860
193861
193862
193863
193864
193865
193866
193867
193868
193869
193870
193871
193872
193873
193874
193875
193876
193877
193878
193879
193880
193881
193882
193883
193884
193885
193886
193887
193888
193889
193890
193891
193892
193893
193894
193895
193896
193897
193898
193899
193900
193901
193902
193903
193904
193905
193906
193907
193908
193909
193910
193911
193912
193913
193914
193915
193916
193917
193918
193919
193920
193921
193922
193923
193924
193925
193926
193927
193928
193929
193930
193931
193932
193933
193934
193935
193936
193937
193938
193939
193940
193941
193942
193943
193944
193945
193946
193947
193948
193949
193950
193951
193952
193953
193954
193955
193956
193957
193958
193959
193960
193961
193962
193963
193964
193965
193966
193967
193968
193969
193970
193971
193972
193973
193974
193975
193976
193977
193978
193979
193980
193981
193982
193983
193984
193985
193986
193987
193988
193989
193990
193991
193992
193993
193994
193995
193996
193997
193998
193999
194000
194001
194002
194003
194004
194005
194006
194007
194008
194009
194010
194011
194012
194013
194014
194015
194016
194017
194018
194019
194020
194021
194022
194023
194024
194025
194026
194027
194028
194029
194030
194031
194032
194033
194034
194035
194036
194037
194038
194039
194040
194041
