189947
189948
189949
189950
189951
189952
189953
189954
189955
189956
189957
189958
189959
189960
189961
189962
189963
189964
189965
189966
189967
189968
189969
189970
189971
189972
189973
189974
189975
189976
189977
189978
189979
189980
189981
189982
189983
189984
189985
189986
189987
189988
189989
189990
189991
189992
189993
189994
189995
189996
189997
189998
189999
190000
190001
190002
190003
190004
190005
190006
190007
190008
190009
190010
190011
190012
190013
190014
190015
190016
190017
190018
190019
190020
190021
190022
190023
190024
190025
190026
190027
190028
190029
190030
190031
190032
190033
190034
190035
190036
190037
190038
190039
190040
190041
190042
190043
190044
190045
190046
190047
190048
190049
190050
190051
190052
190053
190054
190055
190056
190057
190058
190059
190060
190061
190062
190063
190064
190065
190066
190067
190068
190069
190070
190071
190072
190073
190074
190075
190076
190077
190078
190079
190080
190081
190082
190083
190084
190085
190086
190087
190088
190089
190090
190091
190092
190093
190094
190095
190096
190097
190098
190099
190100
190101
190102
190103
190104
190105
190106
190107
190108
190109
190110
190111
190112
190113
190114
190115
190116
190117
190118
190119
190120
190121
190122
190123
190124
190125
190126
190127
190128
190129
190130
190131
190132
190133
190134
190135
190136
190137
190138
190139
190140
190141
190142
190143
190144
190145
190146
190147
190148
190149
190150
190151
190152
190153
190154
190155
190156
190157
190158
190159
190160
190161
190162
190163
190164
190165
190166
190167
190168
190169
190170
190171
190172
190173
190174
190175
190176
190177
190178
190179
190180
190181
190182
190183
190184
190185
190186
190187
190188
190189
190190
190191
190192
190193
190194
190195
