186676
186677
186678
186679
186680
186681
186682
186683
186684
186685
186686
186687
186688
186689
186690
186691
186692
186693
186694
186695
186696
186697
186698
186699
186700
186701
186702
186703
186704
186705
186706
186707
186708
186709
186710
186711
186712
186713
186714
186715
186716
186717
186718
186719
186720
186721
186722
186723
186724
186725
186726
186727
186728
186729
186730
186731
186732
186733
186734
186735
186736
186737
186738
186739
186740
186741
186742
186743
186744
186745
186746
186747
186748
186749
186750
186751
186752
186753
186754
186755
186756
186757
186758
186759
186760
186761
186762
186763
186764
186765
186766
186767
186768
186769
186770
186771
186772
186773
186774
186775
186776
186777
186778
186779
186780
186781
186782
186783
186784
186785
186786
186787
186788
186789
186790
186791
186792
186793
186794
186795
186796
186797
186798
186799
186800
186801
186802
186803
186804
186805
186806
186807
186808
186809
186810
186811
186812
186813
186814
186815
186816
186817
186818
186819
186820
186821
186822
186823
186824
186825
186826
186827
186828
186829
186830
186831
186832
186833
186834
186835
186836
186837
186838
186839
186840
186841
186842
186843
186844
186845
186846
186847
186848
186849
186850
186851
186852
186853
186854
186855
186856
186857
186858
186859
186860
186861
186862
186863
186864
186865
186866
186867
186868
186869
186870
186871
186872
186873
186874
186875
186876
186877
186878
186879
186880
186881
186882
186883
186884
186885
186886
186887
186888
186889
186890
186891
186892
186893
186894
186895
186896
186897
186898
186899
186900
186901
186902
186903
186904
186905
186906
186907
186908
186909
186910
186911
186912
186913
186914
186915
186916
186917
186918
186919
186920
186921
186922
186923
186924
186925
186926
186927
186928
186929
186930
186931
186932
186933
186934
186935
186936
186937
186938
186939
186940
186941
186942
186943
186944
186945
186946
186947
186948
186949
186950
186951
186952
186953
186954
186955
186956
186957
186958
186959
186960
186961
186962
186963
186964
186965
186966
186967
186968
186969
186970
186971
186972
186973
186974
186975
186976
186977
186978
186979
186980
186981
186982
186983
186984
186985
186986
186987
186988
186989
186990
186991
186992
186993
186994
186995
186996
186997
186998
186999
187000
187001
187002
187003
187004
187005
