194043
194044
194045
194046
194047
194048
194049
194050
194051
194052
194053
194054
194055
194056
194057
194058
194059
194060
194061
194062
194063
194064
194065
194066
194067
194068
194069
194070
194071
194072
194073
194074
194075
194076
194077
194078
194079
194080
194081
194082
194083
194084
194085
194086
194087
194088
194089
194090
194091
194092
194093
194094
194095
194096
194097
194098
194099
194100
194101
194102
194103
194104
194105
194106
194107
194108
194109
194110
194111
194112
194113
194114
194115
194116
194117
194118
194119
194120
194121
194122
194123
194124
194125
194126
194127
194128
194129
194130
194131
194132
194133
194134
194135
194136
194137
194138
194139
194140
194141
194142
194143
194144
194145
194146
194147
194148
194149
194150
194151
194152
194153
194154
194155
194156
194157
194158
194159
194160
194161
194162
194163
194164
194165
194166
