186000
186001
186002
186003
186004
186005
186006
186007
186008
186009
186010
186011
186012
186013
186014
186015
186016
186017
186018
186019
186020
186021
186022
186023
186024
186025
186026
186027
186028
186029
186030
186031
186032
186033
186034
186035
186036
186037
186038
186039
186040
186041
186042
186043
186044
186045
186046
186047
186048
186049
186050
186051
186052
186053
186054
186055
186056
186057
186058
186059
186060
186061
186062
186063
186064
186065
186066
186067
186068
186069
186070
186071
186072
186073
186074
186075
186076
186077
186078
186079
186080
186081
186082
186083
186084
186085
186086
186087
186088
186089
186090
186091
186092
186093
186094
186095
186096
186097
186098
186099
186100
186101
186102
186103
186104
186105
186106
186107
186108
186109
186110
186111
186112
186113
186114
186115
186116
186117
186118
186119
186120
186121
186122
186123
186124
186125
186126
186127
186128
186129
186130
186131
186132
186133
186134
186135
186136
186137
186138
186139
186140
186141
186142
186143
186144
186145
186146
186147
186148
186149
186150
186151
186152
186153
186154
186155
186156
186157
186158
186159
186160
186161
186162
186163
186164
186165
186166
186167
186168
186169
