196326
196327
196328
196329
196330
196331
196332
196333
196334
196335
196336
196337
196338
196339
196340
196341
196342
196343
196344
196345
196346
196347
196348
196349
196350
196351
196352
196353
196354
196355
196356
196357
196358
196359
196360
196361
196362
196363
196364
196365
196366
196367
196368
196369
196370
196371
196372
196373
196374
196375
196376
196377
196378
196379
196380
196381
196382
196383
196384
196385
196386
196387
196388
196389
196390
196391
196392
196393
196394
196395
196396
196397
196398
196399
196400
196401
196402
196403
196404
196405
196406
196407
196408
196409
196410
196411
196412
196413
196414
196415
196416
196417
196418
196419
196420
196421
196422
196423
196424
196425
196426
196427
196428
196429
196430
196431
196432
196433
196434
196435
196436
196437
196438
196439
196440
196441
196442
196443
196444
196445
196446
196447
196448
196449
196450
196451
196452
196453
196454
196455
196456
196457
196458
196459
196460
196461
196462
196463
196464
196465
196466
196467
196468
196469
196470
196471
196472
196473
196474
196475
196476
196477
196478
196479
196480
196481
196482
196483
196484
196485
196486
196487
196488
196489
196490
196491
196492
196493
196494
196495
196496
196497
196498
196499
196500
196501
196502
196503
196504
196505
196506
196507
196508
196509
196510
196511
196512
196513
196514
196515
196516
196517
196518
196519
196520
196521
196522
196523
196524
196525
196526
196527
196528
196529
196530
196531
196532
196533
196534
196535
196536
196537
196538
196539
196540
196541
196542
196543
196544
196545
196546
196547
196548
196549
196550
196551
196552
196553
196554
196555
196556
196557
196558
196559
196560
196561
196562
196563
196564
196565
196566
196567
196568
196569
196570
196571
196572
196573
196574
196575
196576
196577
196578
196579
196580
196581
196582
196583
196584
196585
196586
196587
196588
196589
196590
196591
196592
196593
196594
196595
196596
196597
196598
196599
196600
196601
196602
196603
196604
196605
196606
196607
196608
196609
196610
196611
196612
196613
196614
196615
196616
196617
196618
196619
196620
196621
196622
196623
196624
196625
196626
196627
196628
196629
196630
196631
196632
196633
196634
196635
196636
196637
196638
196639
196640
196641
196642
196643
196644
196645
196646
196647
196648
196649
196650
196651
196652
196653
196654
196655
196656
196657
196658
196659
196660
196661
196662
196663
196664
196665
196666
196667
196668
196669
196670
196671
196672
196673
196674
196675
196676
196677
196678
196679
196680
196681
196682
196683
196684
196685
196686
196687
196688
196689
196690
196691
196692
196693
196694
196695
196696
196697
196698
196699
196700
196701
196702
196703
196704
196705
196706
196707
196708
196709
196710
196711
196712
196713
196714
196715
196716
196717
196718
196719
196720
196721
196722
196723
196724
196725
196726
196727
196728
196729
196730
196731
196732
196733
196734
196735
196736
196737
196738
196739
196740
196741
196742
196743
196744
196745
196746
196747
196748
196749
196750
196751
196752
196753
196754
196755
196756
196757
196758
196759
196760
196761
196762
196763
196764
196765
196766
196767
196768
196769
196770
196771
196772
196773
196774
196775
196776
196777
196778
196779
196780
196781
196782
196783
196784
196785
196786
196787
196788
196789
196790
196791
196792
196793
196794
196795
196796
196797
196798
196799
196800
196801
196802
196803
196804
196805
196806
196807
196808
196809
196810
196811
196812
196813
196814
196815
196816
196817
196818
196819
196820
196821
196822
196823
196824
196825
196826
196827
196828
196829
196830
196831
196832
196833
196834
196835
196836
196837
196838
196839
196840
196841
196842
196843
196844
196845
196846
196847
196848
196849
196850
196851
196852
196853
196854
196855
196856
196857
196858
196859
196860
196861
196862
196863
196864
196865
196866
196867
