186171
186172
186173
186174
186175
186176
186177
186178
186179
186180
186181
186182
186183
186184
186185
186186
186187
186188
186189
186190
186191
186192
186193
186194
186195
186196
186197
186198
186199
186200
186201
186202
186203
186204
186205
186206
186207
186208
186209
186210
186211
186212
186213
186214
186215
186216
186217
186218
186219
186220
186221
186222
186223
186224
186225
186226
186227
186228
186229
186230
186231
186232
186233
186234
186235
186236
186237
186238
186239
186240
186241
186242
186243
186244
186245
186246
186247
186248
186249
186250
186251
186252
186253
186254
186255
186256
186257
186258
186259
186260
186261
186262
186263
186264
186265
186266
186267
186268
186269
186270
186271
186272
186273
186274
186275
186276
186277
186278
186279
186280
186281
186282
186283
186284
186285
186286
186287
186288
186289
186290
186291
186292
186293
186294
186295
186296
186297
186298
186299
186300
186301
186302
186303
186304
186305
186306
186307
186308
186309
186310
186311
186312
186313
186314
186315
186316
186317
186318
186319
186320
186321
186322
186323
186324
186325
186326
186327
186328
186329
186330
186331
186332
186333
