198575
198576
198577
198578
198579
198580
198581
198582
198583
198584
198585
198586
198587
198588
198589
198590
198591
198592
198593
198594
198595
198596
198597
198598
198599
198600
198601
198602
198603
198604
198605
198606
198607
198608
198609
198610
198611
198612
198613
198614
198615
198616
198617
198618
198619
198620
198621
198622
198623
198624
198625
198626
198627
198628
198629
198630
198631
198632
198633
198634
198635
198636
198637
198638
198639
198640
198641
198642
198643
198644
198645
198646
198647
198648
198649
198650
198651
198652
198653
198654
198655
198656
198657
198658
