199616
199617
199618
199619
199620
199621
199622
199623
199624
199625
199626
199627
199628
199629
199630
199631
199632
199633
199634
199635
199636
199637
199638
199639
199640
199641
199642
199643
199644
199645
199646
199647
199648
199649
199650
199651
199652
199653
199654
199655
199656
199657
199658
199659
199660
199661
199662
199663
199664
199665
199666
199667
199668
199669
199670
199671
199672
199673
199674
199675
199676
199677
199678
199679
199680
199681
199682
199683
199684
199685
199686
199687
199688
199689
199690
199691
199692
199693
199694
199695
199696
199697
199698
199699
199700
199701
199702
199703
199704
199705
199706
199707
199708
199709
199710
199711
199712
199713
199714
199715
199716
199717
199718
199719
199720
199721
199722
199723
199724
199725
199726
199727
199728
199729
199730
199731
199732
199733
199734
199735
199736
199737
199738
199739
199740
199741
199742
199743
199744
199745
199746
199747
199748
199749
199750
199751
199752
199753
199754
199755
199756
199757
199758
199759
199760
199761
199762
199763
199764
199765
199766
199767
199768
199769
199770
199771
199772
199773
199774
199775
199776
199777
199778
199779
199780
199781
199782
199783
199784
199785
199786
199787
199788
199789
199790
199791
199792
199793
199794
199795
199796
199797
199798
199799
199800
199801
199802
199803
199804
199805
199806
199807
199808
199809
199810
199811
199812
199813
199814
