192492
192493
192494
192495
192496
192497
192498
192499
192500
192501
192502
192503
192504
192505
192506
192507
192508
192509
192510
192511
192512
192513
192514
192515
192516
192517
192518
192519
192520
192521
192522
192523
192524
192525
192526
192527
192528
192529
192530
192531
192532
192533
192534
192535
192536
192537
192538
192539
192540
192541
192542
192543
192544
192545
192546
192547
192548
192549
192550
192551
192552
192553
192554
192555
192556
192557
192558
192559
192560
192561
192562
192563
192564
192565
192566
192567
192568
192569
